OF_LENGTH
41.80
34.06
61.92
66.56
46.44
57.28
95.98
47.99
111.46
82.04
49.54
68.11
97.52
58.82
17.03
61.92
80.50
66.56
88.24
117.65
74.30
32.51
109.91
100.62
18.58
72.76
60.37
27.86
60.37
65.02
69.66
51.08
88.24
60.37
38.70
92.88
126.94
85.14
69.66
83.59
65.02
114.55
85.14
80.50
69.66
117.65
69.66
119.20
51.08
57.28
126.94
54.18
82.04
102.17
63.47
99.07
54.18
116.10
105.26
95.98
106.81
35.60
100.62
44.89
63.47
92.88
78.95
46.44
91.33
94.43
40.25
78.95
88.24









































































































